1 58
28 60
95 4
31 70
6 86
1 41
83 30
10 54
56 3
23 98
99 84
51 59
16 70
97 85
21 24
58 95
98 21
23 49
2 47
96 81
45 71
90 14
24 32
72 53
55 10
76 45
64 77
23 28
39 96
58 66
10 64
1 53
69 34
76 24
83 34
27 76
48 77
13 6
79 57
56 12
55 48
76 7
57 21
50 7
73 80
86 28
6 89
30 74
7 6
79 79
71 36
31 27
90 45
96 11
14 39
23 35
42 91
14 49
77 67
45 94
26 42
15 5
7 72
12 78
63 57
75 33
81 64
27 68
50 96
54 26
23 37
83 65
79 28
60 95
92 51
99 24
86 30
53 73
58 60
37 78
76 38
70 92
66 7
88 49
18 88
16 25
49 67
72 16
90 41
43 41
30 50
37 47
65 44
14 56
51 43
76 66
53 13
63 62
40 19
6 16
81 2
81 91
44 71
63 14
48 25
85 37
89 9
17 29
10 40
58 64
92 93
40 94
76 16
52 54
37 86
37 49
62 60
48 1
32 33
70 19
90 73
95 50
30 62
2 3
78 85
53 48
99 25
65 1
93 12
4 51
74 18
92 23
76 3
64 55
57 53
60 79
93 60
61 17
35 75
35 0
50 12
33 78
33 72
82 67
31 83
66 74
8 95
88 12
97 71
62 95
67 95
86 62
88 46
26 36
94 99
32 30
58 70
42 45
87 58
19 28
81 87
15 79
36 59
13 1
97 7
53 84
23 17
10 97
68 74
77 96
66 67
38 32
32 38
71 28
65 76
19 53
69 13
44 93
12 79
65 10
26 10
54 4
74 87
82 23
54 16
93 69
78 25
30 68
19 49
34 44
11 34
69 24
18 45
97 45
60 1
11 1
39 34
42 67
17 99
41 3
94 32
55 23
14 24
82 9
23 95
92 14
94 1
85 83
70 64
92 17
99 32
51 22
14 72
62 13
58 91
90 44
11 9
2 68
71 29
3 70
64 24
61 40
16 89
84 90
97 53
65 13
43 97
56 93
73 19
38 91
84 68
63 51
65 19
81 10
7 63
87 85
88 25
49 35
42 51
78 14
51 47
0 72
19 70
97 50
74 46
97 30
84 63
5 92
72 73
54 94
73 4
54 35
92 64
58 6
16 49
2 19
24 33
8 89
57 74
42 74
4 93
53 17
28 81
22 64
7 38
95 82
34 86
47 31
30 91
68 8
23 27
62 95
74 59
22 37
40 21
12 65
99 32
24 75
34 1
75 4
6 95
38 24
40 12
3 18
94 47
77 78
17 21
65 43
64 65
89 6
74 8
71 69
34 77
25 34
65 2
8 98
49 57
10 32
32 64
49 86
28 8
47 61
34 80
24 69
92 77
14 36
88 5
92 74
86 53
49 70
81 5
44 46
56 27
85 67
99 48
43 70
50 66
82 37
83 71
86 90
51 59
76 8
52 65
65 83
44 40
40 64
97 31
83 70
55 39
48 76
85 80
55 81
48 91
8 39
83 12
78 90
16 68
7 38
80 14
58 88
34 41
11 74
98 71
86 95
38 48
87 84
35 85
97 54
13 8
43 7
2 6
64 82
21 97
35 41
63 70
10 44
63 44
28 13
0 22
29 70
72 23
89 75
86 28
98 18
30 86
35 73
85 43
18 26
55 37
34 48
93 89
77 14
64 88
97 3
43 97
89 99
69 94
58 68
1 0
99 99
48 38
95 79
89 40
98 14
99 92
71 15
84 9
91 51
51 68
49 11
92 96
61 22
62 86
44 67
54 21
48 15
19 84
4 47
84 12
10 90
4 22
22 49
13 94
34 74
19 69
31 25
7 89
83 75
85 89
41 3
57 14
87 71
82 19
55 74
59 32
79 93
64 7
48 82
70 41
41 25
4 44
41 86
31 80
43 89
47 24
64 85
56 92
58 52
23 55
51 53
60 43
27 12
94 43
31 87
20 2
84 33
82 55
63 16
14 29
7 13
30 0
68 52
1 53
1 38
12 39
61 21
97 76
79 79
69 82
70 6
19 18
38 87
38 99
37 99
92 12
31 50
24 65
97 42
17 22
46 80
64 31
40 26
78 45
68 24
44 10
72 66
84 96
53 35
95 66
80 67
59 4
32 56
7 95
0 28
90 68
45 7
27 51
59 83
21 3
76 73
8 82
95 14
68 60
64 61
13 77
31 14
64 37
25 96
42 78
85 0
33 57
55 27
13 49
33 92
76 32
41 84
93 98
17 86
24 23
82 63
86 89
23 67
31 33
46 81
24 3
26 93
47 11
36 19
0 31
2 54
57 32
65 51
43 60
51 76
33 43
36 41
50 13
30 17
88 21
59 69
87 58
56 16
51 15
66 11
60 85
49 24
17 2
16 68
9 57
37 72
38 1
87 91
26 61
63 10
65 8
50 35
48 68
59 51
96 67
18 6
32 81
17 91
22 51
66 66
77 89
26 31
90 2
78 12
42 95
15 70
77 85
98 17
7 10
76 23
47 27
32 75
99 71
23 19
76 7
48 46
57 10
60 44
16 44
9 8
70 81
0 70
44 81
33 63
43 78
71 28
69 38
20 26
21 25
57 51
91 55
60 99
0 95
41 81
47 2
2 58
87 9
41 96
38 6
3 88
41 3
74 24
47 2
73 12
93 87
6 48
36 44
83 81
67 30
8 35
30 10
34 76
91 74
16 66
25 86
52 55
10 16
10 1
56 88
54 5
7 68
17 95
62 23
71 92
37 35
11 68
10 47
86 0
58 99
41 87
96 24
87 69
23 7
55 42
80 39
40 68
66 85
89 21
71 67
99 12
38 51
31 31
54 44
98 16
91 65
12 81
94 99
85 37
70 36
24 1
8 67
5 3
88 0
75 36
74 20
9 64
48 36
12 43
20 10
48 89
94 50
87 39
3 45
90 75
98 86
19 98
50 87
30 74
99 50
5 76
78 1
27 24
63 93
47 75
2 95
65 13
83 12
70 20
60 71
84 37
84 55
57 44
63 73
58 80
2 84
65 22
91 60
36 66
59 74
70 12
97 82
88 88
83 65
39 88
96 20
35 7
14 72
92 0
95 60
3 76
49 40
11 49
39 50
82 19
27 64
42 46
42 73
91 11
77 24
32 65
99 92
33 83
58 69
9 67
12 76
56 57
83 7
18 77
56 31
92 85
0 80
5 44
67 99
82 31
35 35
17 64
83 16
83 48
66 49
53 11
55 69
67 5
7 8
22 4
54 31
49 62
42 4
21 21
63 57
36 5
46 22
60 11
58 96
91 87
99 42
57 42
56 50
53 41
5 94
32 29
80 57
0 0
29 25
33 59
73 36
99 67
54 39
58 68
72 52
41 40
80 80
38 32
31 26
26 3
63 31
0 47
89 30
40 18
82 15
13 42
26 5
7 2
10 0
47 78
20 29
38 53
7 77
65 29
23 73
64 89
13 7
16 68
6 92
20 26
31 39
50 81
81 38
93 99
60 49
11 12
85 14
43 78
77 42
5 66
55 7
5 53
63 10
29 92
58 19
27 33
0 21
99 77
31 67
91 44
9 75
81 8
63 15
22 98
78 6
52 37
77 16
65 91
61 8
89 8
33 81
43 27
17 3
54 12
96 3
6 48
9 98
34 35
14 36
87 81
39 91
56 27
74 39
59 2
58 49
16 81
9 82
1 80
34 12
91 60
94 26
48 65
6 23
69 48
53 88
67 58
37 31
67 34
34 87
86 63
35 90
12 88
39 66
82 60
8 66
69 7
5 18
45 11
40 43
79 50
74 18
5 35
89 90
80 42
44 75
99 84
82 98
40 75
56 47
78 25
8 66
39 19
39 10
10 79
0 43
97 70
18 70
19 35
50 14
15 17
86 21
38 94
66 49
44 81
31 44
1 12
55 61
41 79
96 33
35 45
31 17
8 22
42 93
69 93
43 61
74 78
35 38
17 76
59 22
75 88
60 20
59 25
27 3
51 48
66 57
22 17
89 55
14 32
1 1
83 42
27 60
94 28
29 99
83 56
58 99
87 22
15 79
63 54
64 99
48 19
6 34
14 43
23 57
4 33
50 46
35 70
9 43
43 21
81 55
34 8
47 40
51 80
89 75
17 81
19 54
50 63
55 92
61 80
63 59
1 54
60 41
28 57
89 43
54 39
43 53
75 38
69 48
37 79
4 66
28 89
99 45
13 42
7 26
64 35
94 47
28 70
13 4
90 61
69 22
47 86
28 64
97 48
3 82
28 77
23 53
91 64
15 52
62 96
65 39
18 17
2 0
98 97
40 37
90 44
15 20
72 33
98 14
39 33
67 18
19 2
28 84
83 29
1 88
82 12
36 49
73 39
97 13
7 5
95 1
80 68
91 46
87 48
34 66
60 99
51 71
90 25
56 81
8 41
19 67
65 30
71 51
33 78
21 81
14 50
73 90
79 13
22 91
25 15
33 24
89 75
59 52
25 57
46 4
10 36
59 83
64 97
22 2
29 97
97 63
65 3
52 72
11 3
